34,56
35,39
34,53
34,118
34,117
33,177
33,176
33,175
33,174
33,173
33,172
33,171
33,139
33,138
33,137
33,136
33,135
33,253
33,252
33,251
33,250
33,249
33,248
33,247
33,246
33,245
33,244
33,243
33,242
33,241
33,240
33,239
33,238
33,237
33,236
33,235
33,234
33,233
33,232
33,231
33,230
33,68
33,67
33,66
33,65
33,64
33,367
34,46
34,13
34,51
34,19
34,6
34,45
0,356
0,338
0,336
0,328
0,410
0,401
0,396
0,395
0,394
0,390
0,389
0,387
0,386
0,385
0,384
0,319
0,315
0,314
0,313
0,312
0,308
0,306
0,304
0,302
0,575
0,574
0,573
0,572
0,571
0,570
0,569
0,567
0,566
0,565
0,564
0,563
0,562
0,561
0,556
0,555
0,554
0,553
0,552
0,549
0,548
0,547
0,546
0,544
0,543
0,542
0,540
0,532
80,36
0,531
0,528
0,527
0,470
0,468
0,467
0,466
0,465
0,464
0,463
0,462
0,461
0,460
0,459
0,456
0,455
0,454
0,453
0,451
80,35
33,473
33,472
33,471
33,470
33,469
33,468
33,467
33,466
33,465
33,464
33,463
33,462
33,461
33,460
33,459
33,458
33,457
33,456
33,455
33,454
33,453
33,452
33,451
33,450
33,449
33,448
33,447
33,446
33,445
33,444
33,443
33,442
33,441
33,440
33,439
33,438
33,437
33,436
33,435
33,434
33,433
33,432
33,431
33,430
33,429
33,428
33,427
33,426
33,425
33,424
33,423
33,422
33,421
33,420
33,419
33,418
33,417
33,416
33,415
33,414
33,413
33,412
33,411
33,410
33,409
33,408
33,407
33,406
33,405
33,404
33,403
33,402
33,401
33,400
33,399
33,398
33,397
33,396
33,395
33,394
33,393
33,392
33,391
33,390
33,389
33,388
33,387
33,386
33,385
33,1
33,384
33,383
33,370
33,229
33,228
33,227
33,226
33,225
33,224
33,223
33,222
33,221
33,220
33,219
33,218
33,217
33,106
33,105
33,104
33,103
33,102
33,101
33,100
33,99
33,98
33,97
33,96
33,95
33,94
33,93
33,92
33,91
33,90
33,89
33,88
33,87
33,86
33,85
33,84
33,83
33,82
33,81
33,80
33,79
33,78
